 KNEW   NBM V5.0 NBH GUIDANCE    9/07/2026  0300 UTC
 UTC  04 05 06 07 08 09 10 11 12 13 14 15 16 17 18 19 20 21 22 23 00 01 02 03 04 
 TMP  84 84 83 83 83 83 82 82 81 83 83 84 85 86 87 89 89 89 90 89 88 87 86 85 84
 TSD   1  1  1  1  1  1  1  1  1  1  1  1  2  2  2  2  2  2  2  2  2  2  2  2  2
 DPT  77 77 77 77 77 78 78 78 78 78 78 79 79 79 79 78 77 76 76 76 76 77 77 77 78
 DSD   1  1  1  1  1  1  1  1  1  1  1  1  1  1  1  1  1  2  2  1  2  2  2  2  2
 WBG  80 80 80 80 80 80 80 80 79 81 82 82 84 86 87 88 86 84 84 83 82 82 81 81 80
 SKY  18 30 48 34 22 24 16 31 39 22 20  9  9 20 20 11  5 24 35 26 44 44 38 26 26
 SSD  31 32 35 37 30 16 14 29 30 31 28 13 17 22 24 17 11 32 36 35 40 36 29 33 36
 WDR  25 26 26 27 28 28 29 29 30 31 33 33 33 33 32 32 34  7 20 22 24 20 14 29 24
 WSP   7  7  8  8  9  9  9  9  9  9  9  8  8  7  6  5  4  4  4  5  5  5  4  4  4
 WSD   3  3  3  2  2  2  2  2  2  2  2  2  2  2  2  3  3  3  3  3  3  3  3  3  3
 GST   7  8  9  9  9 10 10 10 10 10 10  9  9  8  8  6  6  5  5  5  5  5  5  5  4
 GSD   3  3  3  3  3  3  3  3  3  3  3  3  2  2  3  3  3  3  3  3  3  3  2  3  2
 P01   0  0  0  0  1  1  2  2  4  3  2  3  6 10  9 11 12 14 17 12  8  8  7  5  4
 P06                           4                10                20            
 Q01   0  0  0  0  0  0  0  0  0  0  0  0  0  0  0  0  0  1 18 11  0  0  0  0  0
 T01   2  2  2  1  2  3  2  3  3  3  3  4  6  9 13 15 14 12 11  9  6  6  6  4  2
 PZR   0  0  0  0  0  0  0  0  0  0  0  0  0  0  0  0  0  0  0  0  0  0  0  0  0
 PSN   0  0  0  0  0  0  0  0  0  0  0  0  0  0  0  0  0  0  0  0  0  0  0  0  0
 PPL   0  0  0  0  0  0  0  0  0  0  0  0  0  0  0  0  0  0  0  0  0  0  0  0  0
 PRA   1  1  1  1  1  1  6  9  4 10  6  2  6 11  8  6  6 15 21 19  9  3  6  7  7
 S01   0  0  0  0  0  0  0  0  0  0  0  0  0  0  0  0  0  0  0  0  0  0  0  0  0
 SLV 145145144142141139139138139139140140140140139138137135138134131131132131129
 I01   0  0  0  0  0  0  0  0  0  0  0  0  0  0  0  0  0  0  0  0  0  0  0  0  0
 CIG -88-88-88-88-88-88-88-88-88-88-88-88-88-88-88-88-88-88-88-88-88-88-88-88-88
 MVC   1  1  2  3  3  4  5  8 10  7  6  5  6  4  0  1  1  1  1  2  2  1  0  0  0
 IFC   0  0  1  0  0  0  1  3  5  4  4  4  2  1  0  0  0  0  0  0  0  0  0  0  0
 LIC   0  0  0  0  0  0  1  3  4  2  2  1  0  0  0  0  0  0  0  0  0  0  0  0  0
 LCB  70 60 80130 70170 70180 70 70 35 90 80100140200280160110110170210230190110
 VIS 100100100100100100100100100100100100100100100100100100100100100100100100100
 MVV   0  0  0  0  1  2  4  5 10  3  0  0  0  1  1  1  0  0  0  0  1  0  0  0  0
 IFV   0  0  0  0  0  0  2  2  4  1  0  0  0  0  0  0  0  0  0  0  0  0  0  0  0
 LIV   0  0  0  0  0  0  1  1  2  0  0  0  0  0  0  0  0  0  0  0  0  0  0  0  0
 MHT   5  5  5  7  6  6  6 10  8 11 12 12 14 14 14 13 14 15 14 13 11  8  7  6  6
 TWD  26 26 27 27 28 28 28 29 32 33 33 33 33 33 31 31 29 14 18 19 26 24 21 23 19
 TWS   9 10  9 10 10  9  9  9  9  9  9  8  8  7  6  5  4  5  6  6  9  5  5  4  4
 SOL   0  0  0  0  0  0  0  0  0 16 36 54 63 68 79 86 77 63 32 27 14  0  0  0  0
                                                                          
